23.72717 
23.32274 
19.10845 
24.60738 
23.43977 
20.79045 
23.17036 
27.16264 
21.24654 
28.42549 
23.9401 
28.39947 
20.49994 
23.92826 
29.04877 
23.17713 
19.64098 
27.24861 
25.57661 
26.09379 
26.81495 
24.11781 
22.05706 
22.22038 
33.11213 
35.237 
39.95674 
26.76766 
23.91798 
24.46294 
46.67363 
21.74841 
28.15723 
22.91279 
24.82093 
25.57904 
28.68303 
19.78436 
24.93443 
25.87997 
21.34823 
25.58481 
25.46811 
22.21401 
25.12331 
25.25497 
24.64656 
21.90003 
19.88112 
23.31182 
41.87248 
29.18442 
29.77439 
24.6262 
26.64064 
26.70707 
40.74396 
37.91756 
35.10522 
30.12159 
15.91426 
34.28969 
25.32727 
